Detailed Statistics Departures  
Origin Airport: San Jose, CA: Norman Y. Mineta San Jose International (SJC)
Airline: Horizon Air (QX)
Month(s): December
Day(s): 1, 2, 3, 4, 5, 6, 7, 8, 9, 10, 11, 12, 13, 14, 15, 16, 17, 18, 19, 20, 21, 22, 23, 24, 25, 26, 27, 28, 29, 30 and 31
Year(s): 2021, 2022 and 2023

Carrier Code,Date (MM/DD/YYYY),Flight Number,Tail Number,Destination Airport,Scheduled departure time,Actual departure time,Scheduled elapsed time (Minutes),Actual elapsed time (Minutes),Departure delay (Minutes),Wheels-off time,Taxi-Out time (Minutes),Delay Carrier (Minutes),Delay Weather (Minutes),Delay National Aviation System (Minutes),Delay Security (Minutes),Delay Late Aircraft Arrival (Minutes)
"QX","12/01/2021","2226","N637QX","PDX","13:35","13:33","107","99","-2","13:46","13","0","0","0","0","0"
"QX","12/01/2021","2244","N648QX","LAX","15:00","14:56","86","86","-4","15:08","12","0","0","0","0","0"
"QX","12/01/2021","2253","N628QX","SAN","10:15","10:09","80","98","-6","10:36","27","0","0","0","0","0"
"QX","12/01/2021","2503","N628QX","BOI","19:10","19:08","95","90","-2","19:20","12","0","0","0","0","0"
"QX","12/01/2023","2057","N631QX","PDX","18:35","18:25","109","108","-10","18:33","8","0","0","0","0","0"
"QX","12/01/2023","2402","N656QX","PDX","09:35","09:26","110","124","-9","09:42","16","0","0","0","0","0"
"QX","12/01/2023","2405","N633QX","PDX","14:50","14:47","109","114","-3","15:00","13","0","0","0","0","0"
"QX","12/02/2021","2049","N651QX","PDX","09:50","09:47","107","100","-3","09:58","11","0","0","0","0","0"
"QX","12/02/2021","2051","N636QX","LAX","17:00","16:57","86","87","-3","17:18","21","0","0","0","0","0"
"QX","12/02/2021","2129","N647QX","SAN","19:30","20:00","79","82","30","20:13","13","30","0","3","0","0"
"QX","12/02/2021","2244","N637QX","LAX","15:00","15:27","86","77","27","15:39","12","18","0","0","0","0"
"QX","12/02/2021","2253","N647QX","SAN","10:15","10:11","80","88","-4","10:28","17","0","0","0","0","0"
"QX","12/02/2021","2503","N651QX","BOI","19:10","19:03","95","94","-7","19:13","10","0","0","0","0","0"
"QX","12/02/2021","2566","N625QX","LAX","10:30","10:24","83","98","-6","10:41","17","0","0","0","0","0"
"QX","12/02/2022","2033","N649QX","SEA","06:15","06:07","138","158","-8","06:33","26","0","0","0","0","0"
"QX","12/02/2022","2477","N630QX","SEA","09:30","00:00","136","0","0","00:00","0","0","0","0","0","0"
"QX","12/02/2023","2057","N662QX","PDX","18:35","18:25","109","130","-10","18:37","12","0","0","0","0","0"
"QX","12/02/2023","2402","N647QX","PDX","09:35","09:27","110","116","-8","09:36","9","0","0","0","0","0"
"QX","12/02/2023","2405","N653QX","PDX","14:50","14:36","109","121","-14","14:47","11","0","0","0","0","0"
"QX","12/03/2021","2049","N625QX","PDX","09:50","09:44","107","102","-6","09:55","11","0","0","0","0","0"
"QX","12/03/2021","2051","N626QX","LAX","17:00","16:55","86","97","-5","17:22","27","0","0","0","0","0"
"QX","12/03/2021","2129","N620QX","SAN","19:30","19:37","79","92","7","19:54","17","7","0","13","0","0"
"QX","12/03/2021","2226","N634QX","PDX","13:35","13:29","107","104","-6","13:38","9","0","0","0","0","0"
"QX","12/03/2021","2244","N635QX","LAX","15:00","14:52","86","85","-8","15:12","20","0","0","0","0","0"
"QX","12/03/2021","2253","N644QX","SAN","10:15","10:09","80","96","-6","10:35","26","0","0","0","0","0"
"QX","12/03/2021","2503","N638QX","BOI","19:10","19:02","95","96","-8","19:15","13","0","0","0","0","0"
"QX","12/03/2021","2552","N637QX","LAX","07:20","07:19","83","74","-1","07:29","10","0","0","0","0","0"
"QX","12/03/2021","2566","N635QX","LAX","10:30","10:23","83","85","-7","10:44","21","0","0","0","0","0"
"QX","12/03/2022","2411","N625QX","SEA","07:15","07:15","138","134","0","07:44","29","0","0","0","0","0"
"QX","12/03/2023","2057","N661QX","PDX","18:35","18:23","109","107","-12","18:34","11","0","0","0","0","0"
"QX","12/03/2023","2402","N660QX","PDX","09:35","09:25","110","106","-10","09:37","12","0","0","0","0","0"
"QX","12/03/2023","2405","N660QX","PDX","14:50","14:47","109","104","-3","14:57","10","0","0","0","0","0"
"QX","12/04/2021","2129","N630QX","SAN","19:30","19:23","79","75","-7","19:31","8","0","0","0","0","0"
"QX","12/04/2021","2244","N635QX","LAX","15:00","14:57","86","77","-3","15:07","10","0","0","0","0","0"
"QX","12/04/2021","2253","N622QX","SAN","10:15","10:12","80","97","-3","10:37","25","0","0","0","0","0"
"QX","12/04/2021","2503","N637QX","BOI","19:10","19:07","95","93","-3","19:20","13","0","0","0","0","0"
"QX","12/04/2022","2033","N622QX","SEA","06:15","06:15","138","127","0","06:36","21","0","0","0","0","0"
"QX","12/04/2022","2441","N629QX","SEA","07:30","07:36","135","113","6","07:46","10","0","0","0","0","0"
"QX","12/04/2023","2057","N624QX","PDX","18:35","18:32","109","108","-3","18:44","12","0","0","0","0","0"
"QX","12/04/2023","2402","N655QX","PDX","09:35","09:25","110","113","-10","09:43","18","0","0","0","0","0"
"QX","12/04/2023","2405","N620QX","PDX","14:50","14:40","109","102","-10","14:48","8","0","0","0","0","0"
"QX","12/05/2021","2049","N622QX","PDX","09:45","09:41","107","106","-4","09:52","11","0","0","0","0","0"
"QX","12/05/2021","2051","N620QX","LAX","17:00","16:55","86","69","-5","17:07","12","0","0","0","0","0"
"QX","12/05/2021","2129","N649QX","SAN","19:30","19:29","79","73","-1","19:40","11","0","0","0","0","0"
"QX","12/05/2021","2226","N624QX","PDX","13:35","13:30","107","111","-5","13:47","17","0","0","0","0","0"
"QX","12/05/2021","2244","N645QX","LAX","15:00","15:01","86","78","1","15:10","9","0","0","0","0","0"
"QX","12/05/2021","2253","N631QX","SAN","10:15","10:11","80","86","-4","10:29","18","0","0","0","0","0"
"QX","12/05/2021","2503","N630QX","BOI","19:10","19:07","95","89","-3","19:16","9","0","0","0","0","0"
"QX","12/05/2021","2566","N648QX","LAX","10:30","10:27","83","80","-3","10:40","13","0","0","0","0","0"
"QX","12/05/2022","2033","N639QX","SEA","06:15","06:11","138","135","-4","06:37","26","0","0","0","0","0"
"QX","12/05/2022","2441","N634QX","SEA","07:30","07:23","135","123","-7","07:33","10","0","0","0","0","0"
"QX","12/05/2023","2402","N624QX","PDX","09:35","09:29","110","99","-6","09:39","10","0","0","0","0","0"
"QX","12/05/2023","2405","N624QX","PDX","14:50","16:16","109","100","86","16:29","13","77","0","0","0","0"
"QX","12/06/2021","2049","N648QX","PDX","09:45","09:38","107","104","-7","09:50","12","0","0","0","0","0"
"QX","12/06/2021","2051","N648QX","LAX","17:00","17:00","86","70","0","17:11","11","0","0","0","0","0"
"QX","12/06/2021","2129","N643QX","SAN","19:30","19:24","79","71","-6","19:33","9","0","0","0","0","0"
"QX","12/06/2021","2226","N639QX","PDX","13:35","13:32","107","104","-3","13:43","11","0","0","0","0","0"
"QX","12/06/2021","2244","N632QX","LAX","15:00","14:53","86","87","-7","15:09","16","0","0","0","0","0"
"QX","12/06/2021","2253","N643QX","SAN","10:15","10:20","80","80","5","10:32","12","0","0","0","0","0"
"QX","12/06/2021","2503","N641QX","BOI","19:10","19:03","95","86","-7","19:12","9","0","0","0","0","0"
"QX","12/06/2021","2552","N645QX","LAX","07:20","07:17","83","75","-3","07:33","16","0","0","0","0","0"
"QX","12/06/2021","2566","N624QX","LAX","10:30","10:27","83","87","-3","10:46","19","0","0","0","0","0"
"QX","12/06/2022","2033","N643QX","SEA","06:15","06:08","138","145","-7","06:32","24","0","0","0","0","0"
"QX","12/06/2022","2477","N634QX","SEA","09:30","09:25","136","141","-5","09:36","11","0","0","0","0","0"
"QX","12/06/2023","2057","N639QX","PDX","18:35","18:30","109","104","-5","18:41","11","0","0","0","0","0"
"QX","12/06/2023","2402","N624QX","PDX","09:35","09:25","110","107","-10","09:37","12","0","0","0","0","0"
"QX","12/06/2023","2405","N624QX","PDX","14:50","14:45","109","119","-5","15:08","23","0","0","0","0","0"
"QX","12/07/2021","2226","N635QX","PDX","13:35","13:31","107","107","-4","13:43","12","0","0","0","0","0"
"QX","12/07/2021","2244","N629QX","LAX","15:00","14:57","86","79","-3","15:08","11","0","0","0","0","0"
"QX","12/07/2021","2253","N649QX","SAN","10:15","10:17","80","92","2","10:41","24","0","0","0","0","0"
"QX","12/07/2021","2503","N649QX","BOI","19:10","19:10","95","95","0","19:19","9","0","0","0","0","0"
"QX","12/07/2022","2443","N630QX","SEA","06:15","06:17","138","137","2","06:36","19","0","0","0","0","0"
"QX","12/07/2023","2057","N649QX","PDX","18:35","18:31","109","111","-4","18:44","13","0","0","0","0","0"
"QX","12/07/2023","2402","N623QX","PDX","09:35","09:28","110","112","-7","09:38","10","0","0","0","0","0"
"QX","12/07/2023","2405","N623QX","PDX","14:50","14:42","109","106","-8","14:52","10","0","0","0","0","0"
"QX","12/08/2021","2226","N633QX","PDX","13:35","13:29","107","113","-6","13:40","11","0","0","0","0","0"
"QX","12/08/2021","2244","N632QX","LAX","15:00","14:50","86","86","-10","15:15","25","0","0","0","0","0"
"QX","12/08/2021","2253","N631QX","SAN","10:15","10:09","80","78","-6","10:23","14","0","0","0","0","0"
"QX","12/08/2021","2503","N635QX","BOI","19:10","19:09","95","90","-1","19:18","9","0","0","0","0","0"
"QX","12/08/2022","2443","N627QX","SEA","06:15","06:09","138","131","-6","06:30","21","0","0","0","0","0"
"QX","12/08/2023","2057","N643QX","PDX","18:35","18:32","109","113","-3","18:43","11","0","0","0","0","0"
"QX","12/08/2023","2402","N650QX","PDX","09:35","09:28","110","120","-7","09:39","11","0","0","0","0","0"
"QX","12/08/2023","2405","N650QX","PDX","14:50","14:45","109","125","-5","14:57","12","0","0","0","0","0"
"QX","12/09/2021","2049","N647QX","PDX","09:45","09:41","107","109","-4","09:50","9","0","0","0","0","0"
"QX","12/09/2021","2051","N629QX","LAX","17:00","16:58","86","80","-2","17:14","16","0","0","0","0","0"
"QX","12/09/2021","2129","N649QX","SAN","19:30","19:28","79","76","-2","19:39","11","0","0","0","0","0"
"QX","12/09/2021","2244","N622QX","LAX","15:00","15:04","86","70","4","15:13","9","0","0","0","0","0"
"QX","12/09/2021","2253","N625QX","SAN","10:15","10:21","80","80","6","10:32","11","0","0","0","0","0"
"QX","12/09/2021","2503","N628QX","BOI","19:10","19:12","95","101","2","19:28","16","0","0","0","0","0"
"QX","12/09/2021","2566","N637QX","LAX","10:30","10:29","83","79","-1","10:43","14","0","0","0","0","0"
"QX","12/09/2022","2033","N634QX","SEA","06:15","06:34","138","148","19","06:48","14","19","0","10","0","0"
"QX","12/09/2022","2441","N637QX","SEA","07:30","07:23","135","141","-7","07:34","11","0","0","0","0","0"
"QX","12/09/2023","2057","N644QX","PDX","18:35","18:32","109","103","-3","18:42","10","0","0","0","0","0"
"QX","12/09/2023","2402","N643QX","PDX","09:35","09:34","110","107","-1","09:44","10","0","0","0","0","0"
"QX","12/09/2023","2405","N623QX","PDX","14:50","14:42","109","104","-8","14:50","8","0","0","0","0","0"
"QX","12/10/2021","2049","N637QX","PDX","09:45","09:38","107","117","-7","09:47","9","0","0","0","0","0"
"QX","12/10/2021","2051","N637QX","LAX","17:00","17:01","86","70","1","17:11","10","0","0","0","0","0"
"QX","12/10/2021","2129","N638QX","SAN","19:30","19:24","79","80","-6","19:32","8","0","0","0","0","0"
"QX","12/10/2021","2226","N646QX","PDX","13:35","13:31","107","138","-4","13:47","16","0","0","27","0","0"
"QX","12/10/2021","2244","N627QX","LAX","15:00","15:00","86","85","0","15:10","10","0","0","0","0","0"
"QX","12/10/2021","2253","N638QX","SAN","10:15","10:09","80","88","-6","10:28","19","0","0","0","0","0"
"QX","12/10/2021","2503","N633QX","BOI","19:10","19:10","95","92","0","19:18","8","0","0","0","0","0"
"QX","12/10/2021","2552","N622QX","LAX","07:20","07:18","83","79","-2","07:34","16","0","0","0","0","0"
"QX","12/10/2021","2566","N620QX","LAX","10:30","10:28","83","70","-2","10:39","11","0","0","0","0","0"
"QX","12/10/2022","2411","N628QX","SEA","07:15","07:09","138","117","-6","07:21","12","0","0","0","0","0"
"QX","12/10/2023","2057","N632QX","PDX","18:35","18:50","109","108","15","19:03","13","0","0","0","0","0"
"QX","12/10/2023","2402","N629QX","PDX","09:35","09:30","110","98","-5","09:38","8","0","0","0","0","0"
"QX","12/10/2023","2405","N653QX","PDX","14:50","14:43","109","119","-7","14:52","9","0","0","0","0","0"
"QX","12/11/2021","2129","N637QX","SAN","19:30","19:30","79","79","0","19:39","9","0","0","0","0","0"
"QX","12/11/2021","2244","N651QX","LAX","15:00","14:52","86","72","-8","15:00","8","0","0","0","0","0"
"QX","12/11/2021","2253","N632QX","SAN","10:15","10:14","80","81","-1","10:30","16","0","0","0","0","0"
"QX","12/11/2021","2503","N638QX","BOI","19:10","19:03","95","81","-7","19:10","7","0","0","0","0","0"
"QX","12/11/2022","2033","N641QX","SEA","06:15","06:12","138","125","-3","06:32","20","0","0","0","0","0"
"QX","12/11/2022","2441","N651QX","SEA","07:30","07:27","135","120","-3","07:35","8","0","0","0","0","0"
"QX","12/11/2023","2057","N644QX","PDX","18:35","18:25","109","121","-10","18:37","12","0","0","0","0","0"
"QX","12/11/2023","2402","N637QX","PDX","09:35","09:30","110","105","-5","09:39","9","0","0","0","0","0"
"QX","12/11/2023","2405","N637QX","PDX","14:50","14:42","109","122","-8","14:53","11","0","0","0","0","0"
"QX","12/12/2021","2049","N624QX","PDX","09:45","09:44","107","108","-1","09:56","12","0","0","0","0","0"
"QX","12/12/2021","2051","N624QX","LAX","17:00","16:55","86","73","-5","17:05","10","0","0","0","0","0"
"QX","12/12/2021","2129","N627QX","SAN","19:30","19:46","79","74","16","19:54","8","0","0","0","0","0"
"QX","12/12/2021","2226","N620QX","PDX","13:35","13:35","107","96","0","13:49","14","0","0","0","0","0"
"QX","12/12/2021","2244","N642QX","LAX","15:00","15:03","86","67","3","15:11","8","0","0","0","0","0"
"QX","12/12/2021","2253","N648QX","SAN","10:15","10:31","80","82","16","10:48","17","0","0","2","0","16"
"QX","12/12/2021","2503","N637QX","BOI","19:10","19:05","95","76","-5","19:13","8","0","0","0","0","0"
"QX","12/12/2021","2566","N632QX","LAX","10:30","10:23","83","79","-7","10:38","15","0","0","0","0","0"
"QX","12/12/2022","2033","N649QX","SEA","06:15","06:12","138","147","-3","06:32","20","0","0","0","0","0"
"QX","12/12/2022","2441","N624QX","SEA","07:30","07:26","135","158","-4","07:53","27","0","0","19","0","0"
"QX","12/12/2023","2402","N662QX","PDX","09:35","09:30","110","124","-5","09:50","20","0","0","0","0","0"
"QX","12/12/2023","2405","N662QX","PDX","14:50","14:45","109","117","-5","14:57","12","0","0","0","0","0"
"QX","12/13/2021","2049","N639QX","PDX","09:45","10:05","107","88","20","10:15","10","0","0","0","0","0"
"QX","12/13/2021","2051","N633QX","LAX","17:00","17:04","86","75","4","17:13","9","0","0","0","0","0"
"QX","12/13/2021","2129","N644QX","SAN","19:30","21:10","79","82","100","21:20","10","100","0","3","0","0"
"QX","12/13/2021","2226","N631QX","PDX","13:35","13:52","107","101","17","14:01","9","0","0","0","0","0"
"QX","12/13/2021","2244","N644QX","LAX","15:00","15:09","86","88","9","15:27","18","0","0","0","0","0"
"QX","12/13/2021","2253","N650QX","SAN","10:15","10:43","80","86","28","10:57","14","0","0","6","0","28"
"QX","12/13/2021","2503","N625QX","BOI","19:10","00:00","95","0","0","00:00","0","0","0","0","0","0"
"QX","12/13/2021","2552","N642QX","LAX","07:20","07:15","83","83","-5","07:28","13","0","0","0","0","0"
"QX","12/13/2021","2566","N620QX","LAX","10:30","10:36","83","82","6","10:52","16","0","0","0","0","0"
"QX","12/13/2022","2033","N638QX","SEA","06:15","06:13","138","139","-2","06:30","17","0","0","0","0","0"
"QX","12/13/2022","2477","N636QX","SEA","09:30","09:26","136","149","-4","09:38","12","0","0","0","0","0"
"QX","12/13/2023","2057","N653QX","PDX","18:35","18:32","109","102","-3","18:43","11","0","0","0","0","0"
"QX","12/13/2023","2402","N657QX","PDX","09:35","09:23","110","108","-12","09:36","13","0","0","0","0","0"
"QX","12/13/2023","2405","N649QX","PDX","14:50","14:44","109","104","-6","14:54","10","0","0","0","0","0"
"QX","12/14/2021","2049","N625QX","PDX","09:45","09:43","107","102","-2","09:53","10","0","0","0","0","0"
"QX","12/14/2021","2226","N647QX","PDX","13:35","13:28","107","129","-7","13:52","24","0","0","15","0","0"
"QX","12/14/2021","2244","N628QX","LAX","15:00","16:40","86","82","100","16:59","19","96","0","0","0","0"
"QX","12/14/2021","2253","N628QX","SAN","10:15","10:09","80","84","-6","10:22","13","0","0","0","0","0"
"QX","12/14/2021","2503","N634QX","BOI","19:10","19:11","95","103","1","19:24","13","0","0","0","0","0"
"QX","12/14/2022","2443","N644QX","SEA","06:15","06:08","138","148","-7","06:30","22","0","0","0","0","0"
"QX","12/14/2023","2214","N651QX","PDX","09:33","09:30","117","102","-3","09:39","9","0","0","0","0","0"
"QX","12/14/2023","2216","N651QX","PDX","14:48","14:42","116","101","-6","14:53","11","0","0","0","0","0"
"QX","12/15/2021","2226","N636QX","PDX","13:35","13:33","107","105","-2","13:46","13","0","0","0","0","0"
"QX","12/15/2021","2244","N637QX","LAX","15:00","14:59","86","72","-1","15:11","12","0","0","0","0","0"
"QX","12/15/2021","2253","N650QX","SAN","10:15","10:17","80","82","2","10:34","17","0","0","0","0","0"
"QX","12/15/2021","2503","N650QX","BOI","19:10","19:08","95","88","-2","19:19","11","0","0","0","0","0"
"QX","12/15/2023","2214","N649QX","PDX","09:33","09:27","117","101","-6","09:41","14","0","0","0","0","0"
"QX","12/15/2023","2216","N649QX","PDX","14:48","14:38","116","112","-10","14:51","13","0","0","0","0","0"
"QX","12/16/2021","2095","N642QX","SAN","07:45","07:40","86","73","-5","07:50","10","0","0","0","0","0"
"QX","12/16/2021","2114","N625QX","PDX","08:30","08:26","114","113","-4","08:41","15","0","0","0","0","0"
"QX","12/16/2021","2236","N625QX","BOI","16:35","16:32","104","101","-3","16:46","14","0","0","0","0","0"
"QX","12/16/2021","2454","N651QX","SAN","16:05","16:48","83","74","43","16:56","8","10","0","0","0","24"
"QX","12/16/2021","2524","N627QX","SAN","18:10","18:04","84","75","-6","18:15","11","0","0","0","0","0"
"QX","12/16/2021","2589","N626QX","PDX","22:10","22:00","109","106","-10","22:08","8","0","0","0","0","0"
"QX","12/16/2022","2391","N626QX","PDX","21:40","21:34","110","102","-6","21:44","10","0","0","0","0","0"
"QX","12/16/2023","2216","N662QX","PDX","14:48","14:45","116","102","-3","14:55","10","0","0","0","0","0"
"QX","12/17/2021","2051","N632QX","LAX","19:15","19:07","82","80","-8","19:25","18","0","0","0","0","0"
"QX","12/17/2021","2114","N638QX","PDX","08:30","08:23","114","115","-7","08:32","9","0","0","0","0","0"
"QX","12/17/2021","2236","N645QX","BOI","16:35","16:33","104","98","-2","16:46","13","0","0","0","0","0"
"QX","12/17/2021","2454","N625QX","SAN","16:05","16:25","83","83","20","16:36","11","3","0","0","0","17"
"QX","12/17/2021","2524","N626QX","SAN","18:10","18:09","84","83","-1","18:25","16","0","0","0","0","0"
"QX","12/17/2021","2589","N637QX","PDX","22:10","22:02","109","104","-8","22:12","10","0","0","0","0","0"
"QX","12/17/2022","2391","N643QX","PDX","19:00","18:51","110","112","-9","19:05","14","0","0","0","0","0"
"QX","12/17/2023","2214","N653QX","PDX","09:33","21:46","117","95","733","21:56","10","711","0","0","0","0"
"QX","12/17/2023","2216","N625QX","PDX","14:48","14:55","116","90","7","15:04","9","0","0","0","0","0"
"QX","12/18/2021","2095","N632QX","SAN","07:45","07:39","86","75","-6","07:48","9","0","0","0","0","0"
"QX","12/18/2021","2114","N648QX","PDX","08:30","09:18","114","101","48","09:26","8","35","0","0","0","0"
"QX","12/18/2021","2236","N650QX","BOI","16:35","16:31","104","94","-4","16:45","14","0","0","0","0","0"
"QX","12/18/2021","2454","N642QX","SAN","16:05","16:02","83","85","-3","16:21","19","0","0","0","0","0"
"QX","12/18/2021","2524","N644QX","SAN","18:10","18:08","84","77","-2","18:18","10","0","0","0","0","0"
"QX","12/18/2022","2391","N620QX","PDX","21:40","21:31","110","113","-9","21:45","14","0","0","0","0","0"
"QX","12/18/2023","2214","N634QX","PDX","09:33","09:27","117","99","-6","09:45","18","0","0","0","0","0"
"QX","12/18/2023","2216","N634QX","PDX","14:48","14:39","116","90","-9","14:48","9","0","0","0","0","0"
"QX","12/19/2021","2051","N647QX","LAX","19:15","19:10","82","98","-5","19:20","10","0","0","0","0","0"
"QX","12/19/2021","2095","N627QX","SAN","07:45","07:46","86","100","1","08:18","32","0","0","15","0","0"
"QX","12/19/2021","2114","N641QX","PDX","08:30","09:11","114","120","41","09:39","28","0","0","6","0","41"
"QX","12/19/2021","2236","N632QX","BOI","16:35","16:34","104","88","-1","16:45","11","0","0","0","0","0"
"QX","12/19/2021","2454","N650QX","SAN","16:05","17:21","83","81","76","17:33","12","0","0","0","0","74"
"QX","12/19/2021","2524","N639QX","SAN","18:10","18:08","84","87","-2","18:20","12","0","0","0","0","0"
"QX","12/19/2021","2589","N648QX","PDX","22:10","22:06","109","101","-4","22:15","9","0","0","0","0","0"
"QX","12/19/2022","2391","N620QX","PDX","21:40","21:44","110","101","4","21:53","9","0","0","0","0","0"
"QX","12/19/2023","2216","N641QX","PDX","14:48","14:56","116","100","8","15:12","16","0","0","0","0","0"
"QX","12/20/2021","2051","N648QX","LAX","19:15","19:10","82","75","-5","19:25","15","0","0","0","0","0"
"QX","12/20/2021","2095","N647QX","SAN","07:45","07:39","86","76","-6","07:49","10","0","0","0","0","0"
"QX","12/20/2021","2114","N646QX","PDX","08:30","08:26","114","104","-4","08:42","16","0","0","0","0","0"
"QX","12/20/2021","2236","N628QX","BOI","16:35","16:34","104","85","-1","16:45","11","0","0","0","0","0"
"QX","12/20/2021","2454","N632QX","SAN","16:05","16:18","83","75","13","16:27","9","0","0","0","0","0"
"QX","12/20/2021","2524","N633QX","SAN","18:10","18:14","84","75","4","18:24","10","0","0","0","0","0"
"QX","12/20/2021","2589","N625QX","PDX","22:10","22:55","109","94","45","23:05","10","30","0","0","0","0"
"QX","12/20/2023","2214","N627QX","PDX","09:33","09:52","117","100","19","10:04","12","0","0","0","0","0"
"QX","12/20/2023","2216","N627QX","PDX","14:48","14:38","116","104","-10","14:49","11","0","0","0","0","0"
"QX","12/21/2021","2095","N648QX","SAN","07:45","07:40","86","78","-5","07:51","11","0","0","0","0","0"
"QX","12/21/2021","2236","N620QX","BOI","16:35","16:27","104","91","-8","16:41","14","0","0","0","0","0"
"QX","12/21/2023","2214","N649QX","PDX","09:33","09:29","117","102","-4","09:37","8","0","0","0","0","0"
"QX","12/21/2023","2216","N649QX","PDX","14:48","14:42","116","110","-6","14:50","8","0","0","0","0","0"
"QX","12/22/2021","2095","N625QX","SAN","07:45","07:43","86","79","-2","07:56","13","0","0","0","0","0"
"QX","12/22/2021","2236","N630QX","BOI","16:35","16:30","104","78","-5","16:39","9","0","0","0","0","0"
"QX","12/22/2023","2214","N630QX","PDX","09:33","09:32","117","114","-1","09:42","10","0","0","0","0","0"
"QX","12/22/2023","2216","N630QX","PDX","14:48","14:47","116","109","-1","14:57","10","0","0","0","0","0"
"QX","12/23/2021","2095","N626QX","SAN","07:45","07:40","86","79","-5","07:49","9","0","0","0","0","0"
"QX","12/23/2021","2114","N629QX","PDX","08:30","08:34","114","96","4","08:45","11","0","0","0","0","0"
"QX","12/23/2021","2236","N650QX","BOI","16:35","16:31","104","79","-4","16:39","8","0","0","0","0","0"
"QX","12/23/2021","2454","N624QX","SAN","16:05","16:47","83","79","42","16:56","9","0","0","0","0","38"
"QX","12/23/2021","2524","N639QX","SAN","18:10","18:03","84","80","-7","18:13","10","0","0","0","0","0"
"QX","12/23/2021","2589","N620QX","PDX","22:10","21:55","109","97","-15","22:03","8","0","0","0","0","0"
"QX","12/23/2022","2391","N623QX","PDX","21:40","00:00","110","0","0","00:00","0","0","0","0","0","0"
"QX","12/23/2023","2216","N644QX","PDX","14:48","14:44","116","105","-4","14:53","9","0","0","0","0","0"
"QX","12/24/2021","2051","N632QX","LAX","19:15","19:11","82","75","-4","19:21","10","0","0","0","0","0"
"QX","12/24/2021","2114","N645QX","PDX","08:30","08:30","114","102","0","08:40","10","0","0","0","0","0"
"QX","12/24/2021","2236","N625QX","BOI","16:35","16:35","104","89","0","16:50","15","0","0","0","0","0"
"QX","12/24/2021","2454","N650QX","SAN","16:05","16:10","83","76","5","16:21","11","0","0","0","0","0"
"QX","12/24/2021","2524","N620QX","SAN","18:10","18:06","84","74","-4","18:16","10","0","0","0","0","0"
"QX","12/24/2021","2589","N639QX","PDX","22:10","22:09","109","98","-1","22:19","10","0","0","0","0","0"
"QX","12/24/2022","2086","N641QX","SEA","17:15","17:27","136","129","12","17:36","9","0","0","0","0","0"
"QX","12/24/2023","2214","N652MK","PDX","09:33","09:32","117","110","-1","09:43","11","0","0","0","0","0"
"QX","12/24/2023","2216","N652MK","PDX","14:48","14:43","116","109","-5","14:52","9","0","0","0","0","0"
"QX","12/25/2021","2095","N632QX","SAN","07:45","07:41","86","86","-4","07:49","8","0","0","0","0","0"
"QX","12/25/2021","2114","N635QX","PDX","08:30","08:28","114","118","-2","08:59","31","0","0","0","0","0"
"QX","12/25/2021","2236","N635QX","BOI","16:35","16:33","104","80","-2","16:43","10","0","0","0","0","0"
"QX","12/25/2021","2454","N625QX","SAN","16:05","16:24","83","77","19","16:34","10","0","0","0","0","0"
"QX","12/25/2022","2391","N623QX","PDX","21:40","22:11","110","97","31","22:21","10","0","0","0","0","18"
"QX","12/25/2023","2214","N654QX","PDX","09:33","09:26","117","105","-7","09:39","13","0","0","0","0","0"
"QX","12/25/2023","2216","N654QX","PDX","14:48","14:45","116","99","-3","14:54","9","0","0","0","0","0"
"QX","12/26/2021","2051","N632QX","LAX","19:15","19:15","82","69","0","19:24","9","0","0","0","0","0"
"QX","12/26/2021","2095","N620QX","SAN","07:45","07:43","86","73","-2","07:52","9","0","0","0","0","0"
"QX","12/26/2021","2114","N627QX","PDX","08:30","08:37","114","103","7","08:46","9","0","0","0","0","0"
"QX","12/26/2021","2236","N628QX","BOI","16:35","16:38","104","83","3","16:47","9","0","0","0","0","0"
"QX","12/26/2021","2454","N639QX","SAN","16:05","16:04","83","79","-1","16:14","10","0","0","0","0","0"
"QX","12/26/2021","2524","N634QX","SAN","18:10","18:17","84","73","7","18:28","11","0","0","0","0","0"
"QX","12/26/2021","2589","N648QX","PDX","22:10","00:00","109","0","0","00:00","0","0","0","0","0","0"
"QX","12/26/2022","2391","N641QX","PDX","21:40","21:51","110","102","11","22:04","13","0","0","0","0","0"
"QX","12/26/2023","2216","N641QX","PDX","14:48","14:44","116","103","-4","14:53","9","0","0","0","0","0"
"QX","12/27/2021","2051","N625QX","LAX","19:15","19:19","82","110","4","19:31","12","0","0","32","0","0"
"QX","12/27/2021","2095","N632QX","SAN","07:45","07:50","86","83","5","08:02","12","0","0","0","0","0"
"QX","12/27/2021","2114","N647QX","PDX","08:30","08:44","114","120","14","08:54","10","0","0","6","14","0"
"QX","12/27/2021","2236","N622QX","BOI","16:35","16:37","104","122","2","16:48","11","0","0","20","0","0"
"QX","12/27/2021","2454","N631QX","SAN","16:05","17:15","83","73","70","17:25","10","0","0","0","0","60"
"QX","12/27/2021","2524","N620QX","SAN","18:10","00:00","84","0","0","00:00","0","0","0","0","0","0"
"QX","12/27/2021","2589","N630QX","PDX","22:10","22:15","109","112","5","22:27","12","0","0","0","0","0"
"QX","12/27/2023","2214","N638QX","PDX","09:33","09:29","117","95","-4","09:38","9","0","0","0","0","0"
"QX","12/27/2023","2216","N638QX","PDX","14:48","15:00","116","100","12","15:17","17","0","0","0","0","0"
"QX","12/28/2021","2095","N625QX","SAN","07:45","07:42","86","72","-3","07:51","9","0","0","0","0","0"
"QX","12/28/2021","2236","N651QX","BOI","16:35","16:32","104","113","-3","16:45","13","0","0","0","0","0"
"QX","12/28/2023","2214","N624QX","PDX","09:33","09:29","117","99","-4","09:38","9","0","0","0","0","0"
"QX","12/28/2023","2216","N624QX","PDX","14:48","14:41","116","124","-7","14:49","8","0","0","0","0","0"
"QX","12/29/2021","2095","N650QX","SAN","07:45","07:41","86","91","-4","07:49","8","0","0","0","0","0"
"QX","12/29/2021","2236","N649QX","BOI","16:35","16:27","104","99","-8","16:35","8","0","0","0","0","0"
"QX","12/29/2023","2214","N632QX","PDX","09:33","10:55","117","93","82","11:05","10","0","0","0","0","58"
"QX","12/29/2023","2216","N631QX","PDX","14:48","14:41","116","104","-7","14:52","11","0","0","0","0","0"
"QX","12/30/2021","2095","N628QX","SAN","07:45","07:40","86","85","-5","07:49","9","0","0","0","0","0"
"QX","12/30/2021","2114","N641QX","PDX","08:30","08:45","114","113","15","08:55","10","0","0","0","0","0"
"QX","12/30/2021","2236","N639QX","BOI","16:35","16:30","104","99","-5","16:41","11","0","0","0","0","0"
"QX","12/30/2021","2454","N649QX","SAN","16:05","16:52","83","76","47","16:59","7","0","0","0","0","40"
"QX","12/30/2021","2524","N622QX","SAN","18:10","18:05","84","83","-5","18:20","15","0","0","0","0","0"
"QX","12/30/2021","2589","N620QX","PDX","22:10","22:46","109","110","36","22:54","8","8","0","1","0","28"
"QX","12/30/2022","2391","N634QX","PDX","21:40","21:38","110","114","-2","21:55","17","0","0","0","0","0"
"QX","12/30/2023","2216","N644QX","PDX","14:48","14:45","116","101","-3","14:54","9","0","0","0","0","0"
"QX","12/31/2021","2051","N647QX","LAX","19:15","19:09","82","88","-6","19:23","14","0","0","0","0","0"
"QX","12/31/2021","2114","N647QX","PDX","08:30","08:22","114","119","-8","08:32","10","0","0","0","0","0"
"QX","12/31/2021","2236","N625QX","BOI","16:35","16:49","104","102","14","17:01","12","0","0","0","0","0"
"QX","12/31/2021","2454","N644QX","SAN","16:05","17:08","83","72","63","17:17","9","0","0","0","0","52"
"QX","12/31/2021","2589","N623QX","PDX","22:10","22:29","109","109","19","22:38","9","19","0","0","0","0"
"QX","12/31/2022","2086","N642QX","SEA","17:15","17:16","136","119","1","17:27","11","0","0","0","0","0"
"QX","12/31/2023","2214","N633QX","PDX","09:33","09:23","117","100","-10","09:35","12","0","0","0","0","0"
"QX","12/31/2023","2216","N633QX","PDX","14:48","14:41","116","98","-7","14:49","8","0","0","0","0","0"

 SOURCE: Bureau of Transportation Statistics